# Binning
len.bins <- c(0, 100, 200, 400, 800, 1000, 3000, 5000, 7000, 12000, Inf)
len.labels <- c("0-100", "100-200", "200-400", "400-800", "800-1k", "1k-3k", "3k-5k", "5k-7k", "7k-12k", "12k+")

color.len <- c(
  "0-100" = "#1f77b4",
  "100-200" = "#50B498",
  "200-400" = "#2ca02c",
  "400-800" = "#bcbd22",
  "800-1k" = "#ff7f0e",
  "1k-3k" = "#d62728",
  "3k-5k" = "#9467bd",
  "5k-7k" = "#e377c2",
  "7k-12k" = "#8c564b",
  "12k+" = "#7f7f7f"
)